multi_sculptures_0_0 14.369447626710118 -3.519499608313215e-15 0.9375366143436527
multi_sculptures_0_1 13.552736684653885 -4.652660380630709 1.4269126598871091
multi_sculptures_0_2 11.34452102997649 -8.829795141699885 0.8346019147080188
multi_sculptures_0_3 7.8403177755046505 -12.000499723977773 1.3701910647479738
multi_sculptures_0_4 3.203737097278534 -12.651271691349418 6.086164079548147
multi_sculptures_0_5 -0.9454745786906565 -11.410181302185437 8.73348959307261
multi_sculptures_0_6 -4.500611890887535 -10.260361633100603 9.045964391130383
multi_sculptures_0_7 -8.369628179500435 -9.091839838962573 7.392413170241858
multi_sculptures_0_8 -12.644302358693386 -6.842754244952652 -0.8113767343986074
multi_sculptures_0_9 -13.237175348521626 -2.2088938864976693 5.220917217375184
multi_sculptures_0_10 -13.92266239528262 2.323281443283556 2.849883359416223
multi_sculptures_0_11 -12.589876498581068 6.813300442381832 1.5601111602432851
multi_sculptures_0_12 -8.727934425811874 9.481064179028543 6.425930492299909
multi_sculptures_0_13 -5.432796895050162 12.385529384407386 4.944024652559345
multi_sculptures_0_14 -1.177878661366371 14.214881479709396 1.9773078609343124
multi_sculptures_0_15 3.5281493875418635 13.932346854358459 0.8954736339144447
multi_sculptures_0_16 7.840799264598177 12.001236697898898 1.3609498937438682
multi_sculptures_0_17 9.708632574355452 7.556532048472973 7.483400091974576
multi_sculptures_0_18 13.291788962011886 4.563076914294566 3.141126432280456
multi_sculptures_0_19 10.93485384566992 0.0 9.369576904740029
