Challah2_0_0 9.644510020673826 -2.3622236652325547e-15 0.9866618879353427
Challah2_0_1 8.767925115898763 -3.010032494268954 2.83782817757148
Challah2_0_2 5.4016317171347685 -4.204258722530433 6.865614219168772
Challah2_0_3 4.593566678864394 -7.0309772180423495 4.842992850106035
Challah2_0_4 2.2442279933026934 -8.862255927529949 3.2270630314604682
Challah2_0_5 -0.7826248904031955 -9.444877834230148 2.0425122269821037
Challah2_0_6 -3.182799063948799 -7.2560509978052705 5.586554327647566
Challah2_0_7 -5.9133626365395076 -6.423624185935065 4.214174873760054
Challah2_0_8 -6.386471279335695 -3.4561854199015234 6.423226771760623
Challah2_0_9 -6.760419065957021 -1.1281144165414807 6.856687767123281
Challah2_0_10 -7.739085980680486 1.2914250404421956 5.694632979265264
Challah2_0_11 -6.1994774862509825 3.3549894396796134 6.655869588347373
Challah2_0_12 -3.8176319125473475 4.147053748218553 7.887820168441246
Challah2_0_13 -3.7425050212033577 8.532052054741575 2.681010839483813
Challah2_0_14 -0.7949685447002885 9.593843588186674 1.1472861187726933
Challah2_0_15 2.064947684742325 8.154293999432628 4.82011987922254
Challah2_0_16 4.998469342816972 7.650726882039605 3.2360095218242777
Challah2_0_17 7.583152157267841 5.902204235867444 1.2844702167876254
Challah2_0_18 7.939351443096551 2.725582793106697 4.850564123986341
Challah2_0_19 5.474063026382083 0.0 8.00154417616866
