relief_0_0 37.997362768524475 -9.306669738102862e-15 0.4476858688297402
relief_0_1 34.58903502216557 -15.400030589009724 3.2307451296827123
relief_0_2 25.396449390102973 -28.205614524874616 -1.8610931331130716
relief_0_3 11.387576751497722 -35.04735749640422 9.273932728243587
relief_0_4 -3.932202846101031 -37.41241098573626 5.371153043013773
relief_0_5 -18.988843170573364 -32.88964114839032 1.302052292912926
relief_0_6 -30.698686617386123 -22.303901381440046 -2.0314091499535403
relief_0_7 -36.88803901322721 -7.8407947394012005 4.66845966173061
relief_0_8 -37.169572870007244 7.900636607992092 0.05285687918206338
relief_0_9 -30.38083861590715 22.07297129092408 5.812794799771105
relief_0_10 -18.889815509469575 32.718120208003896 4.086499733611847
relief_0_11 -3.970103202782998 37.77300879215385 1.1992027964944685
relief_0_12 11.725619170232568 36.08774508341132 2.0456074573084613
relief_0_13 25.426948396234124 28.23948710277369 0.04078513852945705
relief_0_14 34.06762730659857 15.167884917298068 7.302878667642011
relief_0_15 37.94685443107495 0.0 -2.009039269603234
