cactus_0_0 17.112006084694055 -4.191232695722121e-15 1.7375963846976412
cactus_0_1 15.664970900980876 -5.377791303010767 4.639831980945538
cactus_0_2 13.345410654428406 -10.387150047947511 3.1380123939865947
cactus_0_3 7.887110013953712 -12.072120576686912 9.375360998299975
cactus_0_4 3.439088546119507 -13.58065354505057 9.97890338163346
cactus_0_5 -1.3261475374361837 -16.004220712680215 6.160052396489034
cactus_0_6 -6.227000025190903 -14.196130147802116 7.45213747535948
cactus_0_7 -8.977722628657157 -9.752406499765549 10.960431437901914
cactus_0_8 -11.951111406318722 -6.4676180612894 10.54423284102558
cactus_0_9 -16.863059020387723 -2.8139468577745994 1.8865145096875011
cactus_0_10 -16.748565152531057 2.7948412103769282 2.741244494553875
cactus_0_11 -14.837830223271887 8.029832162023085 3.346727230268357
cactus_0_12 -11.249576922975324 12.22029813585889 4.466690717243077
cactus_0_13 -5.711209312639197 13.020245764505203 9.6796323203843
cactus_0_14 -1.1206826088690902 13.52462777699528 10.567332086322775
cactus_0_15 4.13764262619638 16.339181223760637 3.427982478617905
cactus_0_16 9.346967601156717 14.306598958036549 1.948182834221406
cactus_0_17 12.739846240633327 9.915820345725143 5.934038934405882
cactus_0_18 13.957738604426687 4.791697715307174 8.835222662408556
cactus_0_19 13.122045752979608 0.0 11.119887980345421
