final_0_0 9.758538433119046 -2.3901525712951336e-15 2.888296486746363
final_0_1 9.23843264355214 -4.113215220200192 1.141994653611228
final_0_2 6.247387187813266 -6.938426395768978 4.049656951157203
final_0_3 2.9007522400786487 -8.927597414714302 3.931280934819862
final_0_4 -0.9883215926876086 -9.403251830807566 3.7647582102778565
final_0_5 -5.048804331709454 -8.744785619994596 1.2687112462891184
final_0_6 -7.860130497175004 -5.71071908186956 3.029416623933266
final_0_7 -9.854843555259533 -2.09471166190194 1.437209275249982
final_0_8 -9.418425745825573 2.0019481928771015 3.294964165119101
final_0_9 -7.7352321575582454 5.619975126460732 3.4861715380417526
final_0_10 -5.0343161832430345 8.719691410743172 1.481206000042518
final_0_11 -0.9924907537864311 9.442918748970214 3.6630010305770013
final_0_12 3.0148291111940226 9.278689922918545 2.8962126459636575
final_0_13 6.520141097753744 7.241350301617459 2.9363131339590174
final_0_14 8.93048222752889 3.9761068613339337 2.8299099556446654
final_0_15 9.611048321410168 0.0 3.346502518978838
