rose-scan_0_0 15.783329483326089 -3.865800786328669e-15 17.248503447494116
rose-scan_0_1 16.772779265826024 -7.467722461494011 14.475198019212778
rose-scan_0_2 13.077912328746722 -14.52449310014512 12.830887345109778
rose-scan_0_3 6.183411947544417 -19.03058515453024 12.092419365891399
rose-scan_0_4 -2.421070471842228 -23.034946838463423 3.186534587445209
rose-scan_0_5 -10.438513426050198 -18.080035609408792 10.524928055532106
rose-scan_0_6 -16.162928784147184 -11.743055138804909 12.144329947881891
rose-scan_0_7 -17.50803139098353 -3.721446954078268 15.04141051024684
rose-scan_0_8 -19.75357598956499 4.1987521930294465 11.780962456584735
rose-scan_0_9 -18.617603053499618 13.526480387889942 4.1283829298888355
rose-scan_0_10 -11.012271350548277 19.073813485884763 7.844990730716075
rose-scan_0_11 -2.2608915973130967 21.510946648326286 8.876480396841215
rose-scan_0_12 7.051576126497931 21.70251975566072 5.089230899144534
rose-scan_0_13 11.530131730909016 12.805508597976734 15.801878767174362
rose-scan_0_14 13.269651743722227 5.90802960035957 18.320368162213658
rose-scan_0_15 14.875458633031448 0.0 18.03732494618914
